0,401
0,386
10,165
10,141
10,222
10,273
10,285
10,71
10,200
10,28
11,24
11,17
11,28
11,27
9,4
9,2
9,3
8,18
8,6
8,5
8,8
8,2
8,3
168,3
168,2
168,1
168,0
167,3
167,2
167,1
167,0
166,3
166,2
166,1
166,0
165,5
165,4
165,3
165,2
165,1
165,0
164,4
164,3
164,2
164,1
164,0
163,6
163,5
163,4
163,3
163,2
163,1
163,0
162,4
162,3
162,2
162,1
162,0
161,5
161,4
161,3
161,2
161,1
161,0
160,4
160,3
160,2
160,1
160,0
159,4
159,3
159,2
159,1
159,0
158,4
158,3
158,2
158,1
158,0
157,4
157,3
157,2
157,1
157,0
20,3
20,2
20,1
19,3
19,2
19,1
12,3
18,1
12,2
18,3
12,1
11,29
11,23
11,22
11,21
11,20
11,19
11,18
11,12
14,1
11,11
14,3
11,8
11,6
13,1
11,3
13,3
11,2
11,1
10,310
10,280
10,230
10,174
10,159
10,120
